0.2,0.2,0.55,0.28,0.3,0.58,11.66
0.2,0.2,0.55,0.28,0.3,0.58,11.43
0.2,0.2,0.55,0.28,0.3,0.58,11.61
0.2,0.2,0.55,0.28,0.3,0.58,11.71
0.2,0.2,0.55,0.28,0.3,0.58,11.55
0.2,0.2,0.55,0.28,0.3,0.58,11.74
0.2,0.2,0.55,0.28,0.3,0.58,11.58
0.2,0.2,0.55,0.28,0.3,0.58,11.48
0.2,0.2,0.55,0.28,0.3,0.58,11.095
0.2,0.2,0.55,0.28,0.3,0.58,11.26
0.2,0.2,0.55,0.28,0.3,0.58,11.19
0.2,0.2,0.55,0.28,0.3,0.58,11.32
0.2,0.2,0.55,0.28,0.3,0.58,11.351
0.2,0.2,0.55,0.28,0.3,0.58,11
0.2,0.2,0.55,0.28,0.3,0.58,11.11
0.2,0.2,0.55,0.28,0.3,0.58,10.85
0.2,0.2,0.55,0.28,0.3,0.58,10.57
0.2,0.2,0.55,0.28,0.3,0.58,10.18
0.2,0.2,0.55,0.28,0.3,0.58,9.9
0.2,0.2,0.55,0.28,0.3,0.58,9.79
0.2,0.2,0.55,0.28,0.3,0.58,9.81
0.2,0.2,0.55,0.28,0.3,0.58,9.51
0.2,0.2,0.55,0.28,0.3,0.58,9.3
0.2,0.2,0.55,0.28,0.3,0.58,9.04
0.2,0.2,0.55,0.28,0.3,0.58,9.91
0.2,0.2,0.55,0.28,0.3,0.58,9.5
0.2,0.2,0.55,0.28,0.3,0.58,9.52
0.2,0.2,0.55,0.28,0.3,0.58,9.71
0.2,0.2,0.55,0.28,0.3,0.58,9.79
0.2,0.2,0.55,0.28,0.3,0.58,9.82
0.2,0.2,0.55,0.28,0.3,0.58,9.88
