0.2,0.2,0.55,0.28,0.3,0.58,12.27
0.2,0.2,0.55,0.28,0.3,0.58,11.93
0.2,0.2,0.55,0.28,0.3,0.58,12.055
0.2,0.2,0.55,0.28,0.3,0.58,12.045
0.2,0.2,0.55,0.28,0.3,0.58,12.82
0.2,0.2,0.55,0.28,0.3,0.58,12.59
0.2,0.2,0.55,0.28,0.3,0.58,12.0392
0.2,0.2,0.55,0.28,0.3,0.58,11.82
0.2,0.2,0.55,0.28,0.3,0.58,12.035
0.2,0.2,0.55,0.28,0.3,0.58,11.72
0.2,0.2,0.55,0.28,0.3,0.58,11.55
0.2,0.2,0.55,0.28,0.3,0.58,11.55
0.2,0.2,0.55,0.28,0.3,0.58,11.74
0.2,0.2,0.55,0.28,0.3,0.58,11.52
0.2,0.2,0.55,0.28,0.3,0.58,11.34
0.2,0.2,0.55,0.28,0.3,0.58,11.26
0.2,0.2,0.55,0.28,0.3,0.58,10.97
0.2,0.2,0.55,0.28,0.3,0.58,10.8
0.2,0.2,0.55,0.28,0.3,0.58,10.59
0.2,0.2,0.55,0.28,0.3,0.58,10.1689
0.2,0.2,0.55,0.28,0.3,0.58,10.08
0.2,0.2,0.55,0.28,0.3,0.58,10.14
0.2,0.2,0.55,0.28,0.3,0.58,9.77
0.2,0.2,0.55,0.28,0.3,0.58,9.81
0.2,0.2,0.55,0.28,0.3,0.58,10.2
0.2,0.2,0.55,0.28,0.3,0.58,10.1
0.2,0.2,0.55,0.28,0.3,0.58,9.84
0.2,0.2,0.55,0.28,0.3,0.58,10.04
0.2,0.2,0.55,0.28,0.3,0.58,10.03
0.2,0.2,0.55,0.28,0.3,0.58,10.1
0.2,0.2,0.55,0.28,0.3,0.58,10.22
