55.9304,32.6592,-3.20551,180.053,174.41
50.7748,37.7528,-2.79212,179.23,172.99
55.4823,61.545,-2.48587,178.736,175.89
59.8222,56.2818,-1.9041,178.662,179.11
56.6912,89.6435,-1.53589,178.582,178.07
53.6911,71.1902,-0.999358,178.69,181.45
62.0965,103.337,-0.605103,179.372,183.21
63.8231,94.9408,-0.519061,179.805,184.22
56.0834,63.9397,-0.261461,180.078,181.11
57.6787,88.8052,-0.0829832,180.63,181.85
50.9535,85.253,0.155916,180.847,182.19
50.2714,98.493,-0.658234,181.104,183.41
38.4536,36.3832,-1.64039,180.864,170.06
37.2268,34.8066,-2.29228,180.471,161.95
41.5309,7.25995,-3.13587,180.045,163.3
36.1968,19.0867,-4.19981,179.34,163.72
26.2384,27.0403,-4.93208,178.145,159.02
27.7225,2.59288,-6.075,176.901,149.02
17.3137,27.7477,-6.8366,175.439,150.75
19.2187,2.4538,-6.81613,174.175,150.8
25.2914,22.9324,-7.07341,173.367,154.14
23.4976,9.60315,-7.13694,172.306,154.111
25.8028,11.8345,-7.18595,171.091,150.81
22.0019,8.76179,-6.80422,169.857,150.51
28.0523,21.6611,-6.59832,168.639,156.65
25.436,15.1506,-6.30357,167.382,156.81
33.7336,17.3715,-5.43363,166.017,156.04
46.738,63.0285,-4.58802,165.03,157.01
46.7826,82.12,-4.06866,164.252,163.25
48.883,67.8509,-3.56354,163.236,163.1
56.2852,87.234,-3.12718,162.269,163.77
