55.9304,32.6592,-3.20551,180.053,180.12
50.7748,37.7528,-2.79212,179.23,177.11
55.4823,61.545,-2.48587,178.736,181.1475
59.8222,56.2818,-1.9041,178.662,182.38
56.6912,89.6435,-1.53589,178.582,183.82
53.6911,71.1902,-0.999358,178.69,184.4
62.0965,103.337,-0.605103,179.372,185.51
63.8231,94.9408,-0.519061,179.805,186.1
56.0834,63.9397,-0.261461,180.078,185.99
57.6787,88.8052,-0.0829832,180.63,184.25
50.9535,85.253,0.155916,180.847,184
50.2714,98.493,-0.658234,181.104,185.33
38.4536,36.3832,-1.64039,180.864,177.17
37.2268,34.8066,-2.29228,180.471,170.2
41.5309,7.25995,-3.13587,180.045,173.4
36.1968,19.0867,-4.19981,179.34,170.27
26.2384,27.0403,-4.93208,178.145,167.1
27.7225,2.59288,-6.075,176.901,161.1
17.3137,27.7477,-6.8366,175.439,162.85
19.2187,2.4538,-6.81613,174.175,155.88
25.2914,22.9324,-7.07341,173.367,161.42
23.4976,9.60315,-7.13694,172.306,159.2
25.8028,11.8345,-7.18595,171.091,157.39
22.0019,8.76179,-6.80422,169.857,155.56
28.0523,21.6611,-6.59832,168.639,161.575
25.436,15.1506,-6.30357,167.382,161.42
33.7336,17.3715,-5.43363,166.017,160.53
46.738,63.0285,-4.58802,165.03,165.98
46.7826,82.12,-4.06866,164.252,168.65
48.883,67.8509,-3.56354,163.236,167.45
56.2852,87.234,-3.12718,162.269,165.7036
