0.2,0.2,0.55,0.28,0.3,0.58,91.84
0.2,0.2,0.55,0.28,0.3,0.58,90.86
0.2,0.2,0.55,0.28,0.3,0.58,92.26
0.2,0.2,0.55,0.28,0.3,0.58,92.941
0.2,0.2,0.55,0.28,0.3,0.58,92.43
0.2,0.2,0.55,0.28,0.3,0.58,93.765
0.2,0.2,0.55,0.28,0.3,0.58,95
0.2,0.2,0.55,0.28,0.3,0.58,96.04
0.2,0.2,0.55,0.28,0.3,0.58,93.97
0.2,0.2,0.55,0.28,0.3,0.58,93.5
0.2,0.2,0.55,0.28,0.3,0.58,92.83
0.2,0.2,0.55,0.28,0.3,0.58,93.92
0.2,0.2,0.55,0.28,0.3,0.58,92.11
0.2,0.2,0.55,0.28,0.3,0.58,93
0.2,0.2,0.55,0.28,0.3,0.58,92.21
0.2,0.2,0.55,0.28,0.3,0.58,89.66
0.2,0.2,0.55,0.28,0.3,0.58,87.08
0.2,0.2,0.55,0.28,0.3,0.58,90.4
0.2,0.2,0.55,0.28,0.3,0.58,88.51
0.2,0.2,0.55,0.28,0.3,0.58,88.873
0.2,0.2,0.55,0.28,0.3,0.58,88.4
0.2,0.2,0.55,0.28,0.3,0.58,87.51
0.2,0.2,0.55,0.28,0.3,0.58,87.89
0.2,0.2,0.55,0.28,0.3,0.58,87.73
0.2,0.2,0.55,0.28,0.3,0.58,91.4
0.2,0.2,0.55,0.28,0.3,0.58,89.48
0.2,0.2,0.55,0.28,0.3,0.58,90.62
0.2,0.2,0.55,0.28,0.3,0.58,91.64
0.2,0.2,0.55,0.28,0.3,0.58,91.48
0.2,0.2,0.55,0.28,0.3,0.58,92.43
0.2,0.2,0.55,0.28,0.3,0.58,92.44
