0.2,0.2,0.55,0.28,0.3,0.58,94.57
0.2,0.2,0.55,0.28,0.3,0.58,93.15
0.2,0.2,0.55,0.28,0.3,0.58,94.27
0.2,0.2,0.55,0.28,0.3,0.58,94.49
0.2,0.2,0.55,0.28,0.3,0.58,93.9406
0.2,0.2,0.55,0.28,0.3,0.58,95.1
0.2,0.2,0.55,0.28,0.3,0.58,96.54
0.2,0.2,0.55,0.28,0.3,0.58,97.21
0.2,0.2,0.55,0.28,0.3,0.58,97.24
0.2,0.2,0.55,0.28,0.3,0.58,95.41
0.2,0.2,0.55,0.28,0.3,0.58,94.58
0.2,0.2,0.55,0.28,0.3,0.58,95.38
0.2,0.2,0.55,0.28,0.3,0.58,93.9
0.2,0.2,0.55,0.28,0.3,0.58,93.77
0.2,0.2,0.55,0.28,0.3,0.58,94.05
0.2,0.2,0.55,0.28,0.3,0.58,91.75
0.2,0.2,0.55,0.28,0.3,0.58,90.46
0.2,0.2,0.55,0.28,0.3,0.58,94
0.2,0.2,0.55,0.28,0.3,0.58,95.139
0.2,0.2,0.55,0.28,0.3,0.58,91.23
0.2,0.2,0.55,0.28,0.3,0.58,92.29
0.2,0.2,0.55,0.28,0.3,0.58,90.88
0.2,0.2,0.55,0.28,0.3,0.58,90.05
0.2,0.2,0.55,0.28,0.3,0.58,92.76
0.2,0.2,0.55,0.28,0.3,0.58,93.065
0.2,0.2,0.55,0.28,0.3,0.58,92.46
0.2,0.2,0.55,0.28,0.3,0.58,93.17
0.2,0.2,0.55,0.28,0.3,0.58,93.28
0.2,0.2,0.55,0.28,0.3,0.58,93.29
0.2,0.2,0.55,0.28,0.3,0.58,94.16
0.2,0.2,0.55,0.28,0.3,0.58,94.18
