0.2,0.2,0.55,0.28,0.3,0.58,348.67
0.2,0.2,0.55,0.28,0.3,0.58,335.22
0.2,0.2,0.55,0.28,0.3,0.58,337.75
0.2,0.2,0.55,0.28,0.3,0.58,336.37
0.2,0.2,0.55,0.28,0.3,0.58,332.5
0.2,0.2,0.55,0.28,0.3,0.58,333.3
0.2,0.2,0.55,0.28,0.3,0.58,328.49
0.2,0.2,0.55,0.28,0.3,0.58,347.21
0.2,0.2,0.55,0.28,0.3,0.58,345.12
0.2,0.2,0.55,0.28,0.3,0.58,339.81
0.2,0.2,0.55,0.28,0.3,0.58,332.85
0.2,0.2,0.55,0.28,0.3,0.58,327.4
0.2,0.2,0.55,0.28,0.3,0.58,320.75
0.2,0.2,0.55,0.28,0.3,0.58,316.25
0.2,0.2,0.55,0.28,0.3,0.58,322.44
0.2,0.2,0.55,0.28,0.3,0.58,318.82
0.2,0.2,0.55,0.28,0.3,0.58,311.61
0.2,0.2,0.55,0.28,0.3,0.58,307.59
0.2,0.2,0.55,0.28,0.3,0.58,304.27
0.2,0.2,0.55,0.28,0.3,0.58,268.68
0.2,0.2,0.55,0.28,0.3,0.58,270.9599
0.2,0.2,0.55,0.28,0.3,0.58,260.3318
0.2,0.2,0.55,0.28,0.3,0.58,273.35
0.2,0.2,0.55,0.28,0.3,0.58,288.37
0.2,0.2,0.55,0.28,0.3,0.58,306.26
0.2,0.2,0.55,0.28,0.3,0.58,309.28
0.2,0.2,0.55,0.28,0.3,0.58,309.5
0.2,0.2,0.55,0.28,0.3,0.58,307.1
0.2,0.2,0.55,0.28,0.3,0.58,308.98
0.2,0.2,0.55,0.28,0.3,0.58,303.95
0.2,0.2,0.55,0.28,0.3,0.58,303.9499
