0.2,0.2,0.55,0.28,0.3,0.58,330.07
0.2,0.2,0.55,0.28,0.3,0.58,322.97
0.2,0.2,0.55,0.28,0.3,0.58,329.2929
0.2,0.2,0.55,0.28,0.3,0.58,327.03
0.2,0.2,0.55,0.28,0.3,0.58,321.74
0.2,0.2,0.55,0.28,0.3,0.58,326.274
0.2,0.2,0.55,0.28,0.3,0.58,322.37
0.2,0.2,0.55,0.28,0.3,0.58,326.5
0.2,0.2,0.55,0.28,0.3,0.58,336.2635
0.2,0.2,0.55,0.28,0.3,0.58,323.93
0.2,0.2,0.55,0.28,0.3,0.58,321.1
0.2,0.2,0.55,0.28,0.3,0.58,319.07
0.2,0.2,0.55,0.28,0.3,0.58,309.67
0.2,0.2,0.55,0.28,0.3,0.58,308.76
0.2,0.2,0.55,0.28,0.3,0.58,310.19
0.2,0.2,0.55,0.28,0.3,0.58,308.18
0.2,0.2,0.55,0.28,0.3,0.58,300.45
0.2,0.2,0.55,0.28,0.3,0.58,291.36
0.2,0.2,0.55,0.28,0.3,0.58,277.18
0.2,0.2,0.55,0.28,0.3,0.58,252.1
0.2,0.2,0.55,0.28,0.3,0.58,248.21
0.2,0.2,0.55,0.28,0.3,0.58,244.5901
0.2,0.2,0.55,0.28,0.3,0.58,254.49
0.2,0.2,0.55,0.28,0.3,0.58,252
0.2,0.2,0.55,0.28,0.3,0.58,288.2
0.2,0.2,0.55,0.28,0.3,0.58,295.5
0.2,0.2,0.55,0.28,0.3,0.58,289.21
0.2,0.2,0.55,0.28,0.3,0.58,293.68
0.2,0.2,0.55,0.28,0.3,0.58,299.66
0.2,0.2,0.55,0.28,0.3,0.58,293.68
0.2,0.2,0.55,0.28,0.3,0.58,295.98
