0.2,0.2,0.55,0.28,0.3,0.58,172.66
0.2,0.2,0.55,0.28,0.3,0.58,172.45
0.2,0.2,0.55,0.28,0.3,0.58,174.52
0.2,0.2,0.55,0.28,0.3,0.58,176.13
0.2,0.2,0.55,0.28,0.3,0.58,174.27
0.2,0.2,0.55,0.28,0.3,0.58,175.07
0.2,0.2,0.55,0.28,0.3,0.58,177.39
0.2,0.2,0.55,0.28,0.3,0.58,180.21
0.2,0.2,0.55,0.28,0.3,0.58,179.24
0.2,0.2,0.55,0.28,0.3,0.58,177.81
0.2,0.2,0.55,0.28,0.3,0.58,178.0701
0.2,0.2,0.55,0.28,0.3,0.58,177.62
0.2,0.2,0.55,0.28,0.3,0.58,173.66
0.2,0.2,0.55,0.28,0.3,0.58,174.94
0.2,0.2,0.55,0.28,0.3,0.58,171.26
0.2,0.2,0.55,0.28,0.3,0.58,168.6
0.2,0.2,0.55,0.28,0.3,0.58,164.94
0.2,0.2,0.55,0.28,0.3,0.58,166.44
0.2,0.2,0.55,0.28,0.3,0.58,166.92
0.2,0.2,0.55,0.28,0.3,0.58,165.19
0.2,0.2,0.55,0.28,0.3,0.58,166.9
0.2,0.2,0.55,0.28,0.3,0.58,164.47
0.2,0.2,0.55,0.28,0.3,0.58,164.88
0.2,0.2,0.55,0.28,0.3,0.58,164.77
0.2,0.2,0.55,0.28,0.3,0.58,172.08
0.2,0.2,0.55,0.28,0.3,0.58,168.2
0.2,0.2,0.55,0.28,0.3,0.58,169.845
0.2,0.2,0.55,0.28,0.3,0.58,171.53
0.2,0.2,0.55,0.28,0.3,0.58,171.7
0.2,0.2,0.55,0.28,0.3,0.58,173.04
0.2,0.2,0.55,0.28,0.3,0.58,173.85
