0.2,0.2,0.55,0.28,0.3,0.58,179.775
0.2,0.2,0.55,0.28,0.3,0.58,176.3
0.2,0.2,0.55,0.28,0.3,0.58,177.74
0.2,0.2,0.55,0.28,0.3,0.58,178.25
0.2,0.2,0.55,0.28,0.3,0.58,175.85
0.2,0.2,0.55,0.28,0.3,0.58,177.12
0.2,0.2,0.55,0.28,0.3,0.58,180
0.2,0.2,0.55,0.28,0.3,0.58,182.39
0.2,0.2,0.55,0.28,0.3,0.58,183.5
0.2,0.2,0.55,0.28,0.3,0.58,180.52
0.2,0.2,0.55,0.28,0.3,0.58,180.24
0.2,0.2,0.55,0.28,0.3,0.58,179.12
0.2,0.2,0.55,0.28,0.3,0.58,177.47
0.2,0.2,0.55,0.28,0.3,0.58,176.8
0.2,0.2,0.55,0.28,0.3,0.58,175.09
0.2,0.2,0.55,0.28,0.3,0.58,172.68
0.2,0.2,0.55,0.28,0.3,0.58,169.92
0.2,0.2,0.55,0.28,0.3,0.58,173.1
0.2,0.2,0.55,0.28,0.3,0.58,175.15
0.2,0.2,0.55,0.28,0.3,0.58,170.02
0.2,0.2,0.55,0.28,0.3,0.58,171.75
0.2,0.2,0.55,0.28,0.3,0.58,168.94
0.2,0.2,0.55,0.28,0.3,0.58,168.7455
0.2,0.2,0.55,0.28,0.3,0.58,172.01
0.2,0.2,0.55,0.28,0.3,0.58,174.2304
0.2,0.2,0.55,0.28,0.3,0.58,172.48
0.2,0.2,0.55,0.28,0.3,0.58,173.09
0.2,0.2,0.55,0.28,0.3,0.58,174
0.2,0.2,0.55,0.28,0.3,0.58,173.9232
0.2,0.2,0.55,0.28,0.3,0.58,175
0.2,0.2,0.55,0.28,0.3,0.58,175.84
