0.2,0.2,0.55,0.28,0.3,0.58,69.85
0.2,0.2,0.55,0.28,0.3,0.58,69.8
0.2,0.2,0.55,0.28,0.3,0.58,71.2
0.2,0.2,0.55,0.28,0.3,0.58,73.01
0.2,0.2,0.55,0.28,0.3,0.58,72.94
0.2,0.2,0.55,0.28,0.3,0.58,74.01
0.2,0.2,0.55,0.28,0.3,0.58,75.8
0.2,0.2,0.55,0.28,0.3,0.58,76.84
0.2,0.2,0.55,0.28,0.3,0.58,75.29
0.2,0.2,0.55,0.28,0.3,0.58,75.36
0.2,0.2,0.55,0.28,0.3,0.58,75.24
0.2,0.2,0.55,0.28,0.3,0.58,75.52
0.2,0.2,0.55,0.28,0.3,0.58,74.2
0.2,0.2,0.55,0.28,0.3,0.58,75.11
0.2,0.2,0.55,0.28,0.3,0.58,75.53
0.2,0.2,0.55,0.28,0.3,0.58,73.89
0.2,0.2,0.55,0.28,0.3,0.58,71.85
0.2,0.2,0.55,0.28,0.3,0.58,72.85
0.2,0.2,0.55,0.28,0.3,0.58,71.75
0.2,0.2,0.55,0.28,0.3,0.58,70.94
0.2,0.2,0.55,0.28,0.3,0.58,71.26
0.2,0.2,0.55,0.28,0.3,0.58,68.875
0.2,0.2,0.55,0.28,0.3,0.58,69.1
0.2,0.2,0.55,0.28,0.3,0.58,68.04
0.2,0.2,0.55,0.28,0.3,0.58,69.97
0.2,0.2,0.55,0.28,0.3,0.58,66.18
0.2,0.2,0.55,0.28,0.3,0.58,66.38
0.2,0.2,0.55,0.28,0.3,0.58,67.11
0.2,0.2,0.55,0.28,0.3,0.58,67.6
0.2,0.2,0.55,0.28,0.3,0.58,68.53
0.2,0.2,0.55,0.28,0.3,0.58,68.32
