0.2,0.2,0.55,0.28,0.3,0.58,71.865
0.2,0.2,0.55,0.28,0.3,0.58,72.36
0.2,0.2,0.55,0.28,0.3,0.58,73.43
0.2,0.2,0.55,0.28,0.3,0.58,74.57
0.2,0.2,0.55,0.28,0.3,0.58,74.185
0.2,0.2,0.55,0.28,0.3,0.58,75.74
0.2,0.2,0.55,0.28,0.3,0.58,76.9
0.2,0.2,0.55,0.28,0.3,0.58,77.96
0.2,0.2,0.55,0.28,0.3,0.58,78.02
0.2,0.2,0.55,0.28,0.3,0.58,76.61
0.2,0.2,0.55,0.28,0.3,0.58,76.78
0.2,0.2,0.55,0.28,0.3,0.58,76.62
0.2,0.2,0.55,0.28,0.3,0.58,75.99
0.2,0.2,0.55,0.28,0.3,0.58,76.21
0.2,0.2,0.55,0.28,0.3,0.58,76.75
0.2,0.2,0.55,0.28,0.3,0.58,75.33
0.2,0.2,0.55,0.28,0.3,0.58,74.31
0.2,0.2,0.55,0.28,0.3,0.58,74.53
0.2,0.2,0.55,0.28,0.3,0.58,74.97
0.2,0.2,0.55,0.28,0.3,0.58,72.48
0.2,0.2,0.55,0.28,0.3,0.58,73.14
0.2,0.2,0.55,0.28,0.3,0.58,72.45
0.2,0.2,0.55,0.28,0.3,0.58,70.39
0.2,0.2,0.55,0.28,0.3,0.58,71.335
0.2,0.2,0.55,0.28,0.3,0.58,71.845
0.2,0.2,0.55,0.28,0.3,0.58,68.84
0.2,0.2,0.55,0.28,0.3,0.58,68.97
0.2,0.2,0.55,0.28,0.3,0.58,68.92
0.2,0.2,0.55,0.28,0.3,0.58,68.67
0.2,0.2,0.55,0.28,0.3,0.58,70.16
0.2,0.2,0.55,0.28,0.3,0.58,70.05
