0.2,0.2,0.55,0.28,0.3,0.58,65.4719
0.2,0.2,0.55,0.28,0.3,0.58,64.21
0.2,0.2,0.55,0.28,0.3,0.58,64.34
0.2,0.2,0.55,0.28,0.3,0.58,64.63
0.2,0.2,0.55,0.28,0.3,0.58,63.89
0.2,0.2,0.55,0.28,0.3,0.58,64.48
0.2,0.2,0.55,0.28,0.3,0.58,65.36
0.2,0.2,0.55,0.28,0.3,0.58,66.32
0.2,0.2,0.55,0.28,0.3,0.58,66.13
0.2,0.2,0.55,0.28,0.3,0.58,65.67
0.2,0.2,0.55,0.28,0.3,0.58,66.13
0.2,0.2,0.55,0.28,0.3,0.58,65.91
0.2,0.2,0.55,0.28,0.3,0.58,65.19
0.2,0.2,0.55,0.28,0.3,0.58,65.93
0.2,0.2,0.55,0.28,0.3,0.58,66.31
0.2,0.2,0.55,0.28,0.3,0.58,64.23
0.2,0.2,0.55,0.28,0.3,0.58,64.46
0.2,0.2,0.55,0.28,0.3,0.58,64.99
0.2,0.2,0.55,0.28,0.3,0.58,65.43
0.2,0.2,0.55,0.28,0.3,0.58,65.27
0.2,0.2,0.55,0.28,0.3,0.58,65.61
0.2,0.2,0.55,0.28,0.3,0.58,63.21
0.2,0.2,0.55,0.28,0.3,0.58,64.36
0.2,0.2,0.55,0.28,0.3,0.58,65.93
0.2,0.2,0.55,0.28,0.3,0.58,68.39
0.2,0.2,0.55,0.28,0.3,0.58,66.93
0.2,0.2,0.55,0.28,0.3,0.58,67.15
0.2,0.2,0.55,0.28,0.3,0.58,66.49
0.2,0.2,0.55,0.28,0.3,0.58,66.52
0.2,0.2,0.55,0.28,0.3,0.58,67.07
0.2,0.2,0.55,0.28,0.3,0.58,66.98
