0.2,0.2,0.55,0.28,0.3,0.58,67.4659
0.2,0.2,0.55,0.28,0.3,0.58,66.09
0.2,0.2,0.55,0.28,0.3,0.58,65.49
0.2,0.2,0.55,0.28,0.3,0.58,65.36
0.2,0.2,0.55,0.28,0.3,0.58,64.79
0.2,0.2,0.55,0.28,0.3,0.58,65.25
0.2,0.2,0.55,0.28,0.3,0.58,66.51
0.2,0.2,0.55,0.28,0.3,0.58,67.61
0.2,0.2,0.55,0.28,0.3,0.58,67.69
0.2,0.2,0.55,0.28,0.3,0.58,66.9
0.2,0.2,0.55,0.28,0.3,0.58,66.605
0.2,0.2,0.55,0.28,0.3,0.58,66.69
0.2,0.2,0.55,0.28,0.3,0.58,66.34
0.2,0.2,0.55,0.28,0.3,0.58,66.87
0.2,0.2,0.55,0.28,0.3,0.58,67.21
0.2,0.2,0.55,0.28,0.3,0.58,66.15
0.2,0.2,0.55,0.28,0.3,0.58,67.22
0.2,0.2,0.55,0.28,0.3,0.58,66.06
0.2,0.2,0.55,0.28,0.3,0.58,67.64
0.2,0.2,0.55,0.28,0.3,0.58,67.15
0.2,0.2,0.55,0.28,0.3,0.58,66.55
0.2,0.2,0.55,0.28,0.3,0.58,66.05
0.2,0.2,0.55,0.28,0.3,0.58,66.73
0.2,0.2,0.55,0.28,0.3,0.58,68.5
0.2,0.2,0.55,0.28,0.3,0.58,69.78
0.2,0.2,0.55,0.28,0.3,0.58,69.31
0.2,0.2,0.55,0.28,0.3,0.58,68.55
0.2,0.2,0.55,0.28,0.3,0.58,67.88
0.2,0.2,0.55,0.28,0.3,0.58,67.1992
0.2,0.2,0.55,0.28,0.3,0.58,68
0.2,0.2,0.55,0.28,0.3,0.58,68.33
