0.2,0.2,0.55,0.28,0.3,0.58,48.32
0.2,0.2,0.55,0.28,0.3,0.58,48.44
0.2,0.2,0.55,0.28,0.3,0.58,49.35
0.2,0.2,0.55,0.28,0.3,0.58,50.05
0.2,0.2,0.55,0.28,0.3,0.58,50.2501
0.2,0.2,0.55,0.28,0.3,0.58,51.04
0.2,0.2,0.55,0.28,0.3,0.58,50.86
0.2,0.2,0.55,0.28,0.3,0.58,49.92
0.2,0.2,0.55,0.28,0.3,0.58,49.95
0.2,0.2,0.55,0.28,0.3,0.58,50.73
0.2,0.2,0.55,0.28,0.3,0.58,51.12
0.2,0.2,0.55,0.28,0.3,0.58,50.35
0.2,0.2,0.55,0.28,0.3,0.58,47.71
0.2,0.2,0.55,0.28,0.3,0.58,48.39
0.2,0.2,0.55,0.28,0.3,0.58,48.625
0.2,0.2,0.55,0.28,0.3,0.58,48
0.2,0.2,0.55,0.28,0.3,0.58,47.85
0.2,0.2,0.55,0.28,0.3,0.58,47.93
0.2,0.2,0.55,0.28,0.3,0.58,47.55
0.2,0.2,0.55,0.28,0.3,0.58,47.8625
0.2,0.2,0.55,0.28,0.3,0.58,47.6714
0.2,0.2,0.55,0.28,0.3,0.58,47.71
0.2,0.2,0.55,0.28,0.3,0.58,48.08
0.2,0.2,0.55,0.28,0.3,0.58,47.76
0.2,0.2,0.55,0.28,0.3,0.58,48.92
0.2,0.2,0.55,0.28,0.3,0.58,48.23
0.2,0.2,0.55,0.28,0.3,0.58,48.57
0.2,0.2,0.55,0.28,0.3,0.58,49.435
0.2,0.2,0.55,0.28,0.3,0.58,49.11
0.2,0.2,0.55,0.28,0.3,0.58,48.8
0.2,0.2,0.55,0.28,0.3,0.58,48.61
