0.2,0.2,0.55,0.28,0.3,0.58,49.94
0.2,0.2,0.55,0.28,0.3,0.58,49.73
0.2,0.2,0.55,0.28,0.3,0.58,50.72
0.2,0.2,0.55,0.28,0.3,0.58,50.49
0.2,0.2,0.55,0.28,0.3,0.58,51.09
0.2,0.2,0.55,0.28,0.3,0.58,51.4
0.2,0.2,0.55,0.28,0.3,0.58,51.44
0.2,0.2,0.55,0.28,0.3,0.58,50.39
0.2,0.2,0.55,0.28,0.3,0.58,50.61
0.2,0.2,0.55,0.28,0.3,0.58,51.14
0.2,0.2,0.55,0.28,0.3,0.58,51.589
0.2,0.2,0.55,0.28,0.3,0.58,50.78
0.2,0.2,0.55,0.28,0.3,0.58,48.67
0.2,0.2,0.55,0.28,0.3,0.58,48.89
0.2,0.2,0.55,0.28,0.3,0.58,49.19
0.2,0.2,0.55,0.28,0.3,0.58,48.87
0.2,0.2,0.55,0.28,0.3,0.58,48.94
0.2,0.2,0.55,0.28,0.3,0.58,48.68
0.2,0.2,0.55,0.28,0.3,0.58,49.23
0.2,0.2,0.55,0.28,0.3,0.58,48.93
0.2,0.2,0.55,0.28,0.3,0.58,48.59
0.2,0.2,0.55,0.28,0.3,0.58,48.55
0.2,0.2,0.55,0.28,0.3,0.58,48.93
0.2,0.2,0.55,0.28,0.3,0.58,49.03
0.2,0.2,0.55,0.28,0.3,0.58,49.31
0.2,0.2,0.55,0.28,0.3,0.58,49.1
0.2,0.2,0.55,0.28,0.3,0.58,49.12
0.2,0.2,0.55,0.28,0.3,0.58,49.87
0.2,0.2,0.55,0.28,0.3,0.58,49.81
0.2,0.2,0.55,0.28,0.3,0.58,49.29
0.2,0.2,0.55,0.28,0.3,0.58,49.14
