0.2,0.2,0.55,0.28,0.3,0.58,180.12
0.2,0.2,0.55,0.28,0.3,0.58,177.11
0.2,0.2,0.55,0.28,0.3,0.58,181.1475
0.2,0.2,0.55,0.28,0.3,0.58,182.38
0.2,0.2,0.55,0.28,0.3,0.58,183.82
0.2,0.2,0.55,0.28,0.3,0.58,184.4
0.2,0.2,0.55,0.28,0.3,0.58,185.51
0.2,0.2,0.55,0.28,0.3,0.58,186.1
0.2,0.2,0.55,0.28,0.3,0.58,185.99
0.2,0.2,0.55,0.28,0.3,0.58,184.25
0.2,0.2,0.55,0.28,0.3,0.58,184
0.2,0.2,0.55,0.28,0.3,0.58,185.33
0.2,0.2,0.55,0.28,0.3,0.58,177.17
0.2,0.2,0.55,0.28,0.3,0.58,170.2
0.2,0.2,0.55,0.28,0.3,0.58,173.4
0.2,0.2,0.55,0.28,0.3,0.58,170.27
0.2,0.2,0.55,0.28,0.3,0.58,167.1
0.2,0.2,0.55,0.28,0.3,0.58,161.1
0.2,0.2,0.55,0.28,0.3,0.58,162.85
0.2,0.2,0.55,0.28,0.3,0.58,155.88
0.2,0.2,0.55,0.28,0.3,0.58,161.42
0.2,0.2,0.55,0.28,0.3,0.58,159.2
0.2,0.2,0.55,0.28,0.3,0.58,157.39
0.2,0.2,0.55,0.28,0.3,0.58,155.56
0.2,0.2,0.55,0.28,0.3,0.58,161.575
0.2,0.2,0.55,0.28,0.3,0.58,161.42
0.2,0.2,0.55,0.28,0.3,0.58,160.53
0.2,0.2,0.55,0.28,0.3,0.58,165.98
0.2,0.2,0.55,0.28,0.3,0.58,168.65
0.2,0.2,0.55,0.28,0.3,0.58,167.45
0.2,0.2,0.55,0.28,0.3,0.58,165.7036
