0.2,0.2,0.55,0.28,0.3,0.58,174.41
0.2,0.2,0.55,0.28,0.3,0.58,172.99
0.2,0.2,0.55,0.28,0.3,0.58,175.89
0.2,0.2,0.55,0.28,0.3,0.58,179.11
0.2,0.2,0.55,0.28,0.3,0.58,178.07
0.2,0.2,0.55,0.28,0.3,0.58,181.45
0.2,0.2,0.55,0.28,0.3,0.58,183.21
0.2,0.2,0.55,0.28,0.3,0.58,184.22
0.2,0.2,0.55,0.28,0.3,0.58,181.11
0.2,0.2,0.55,0.28,0.3,0.58,181.85
0.2,0.2,0.55,0.28,0.3,0.58,182.19
0.2,0.2,0.55,0.28,0.3,0.58,183.41
0.2,0.2,0.55,0.28,0.3,0.58,170.06
0.2,0.2,0.55,0.28,0.3,0.58,161.95
0.2,0.2,0.55,0.28,0.3,0.58,163.3
0.2,0.2,0.55,0.28,0.3,0.58,163.72
0.2,0.2,0.55,0.28,0.3,0.58,159.02
0.2,0.2,0.55,0.28,0.3,0.58,149.02
0.2,0.2,0.55,0.28,0.3,0.58,150.75
0.2,0.2,0.55,0.28,0.3,0.58,150.8
0.2,0.2,0.55,0.28,0.3,0.58,154.14
0.2,0.2,0.55,0.28,0.3,0.58,154.111
0.2,0.2,0.55,0.28,0.3,0.58,150.81
0.2,0.2,0.55,0.28,0.3,0.58,150.51
0.2,0.2,0.55,0.28,0.3,0.58,156.65
0.2,0.2,0.55,0.28,0.3,0.58,156.81
0.2,0.2,0.55,0.28,0.3,0.58,156.04
0.2,0.2,0.55,0.28,0.3,0.58,157.01
0.2,0.2,0.55,0.28,0.3,0.58,163.25
0.2,0.2,0.55,0.28,0.3,0.58,163.1
0.2,0.2,0.55,0.28,0.3,0.58,163.77
