0.2,0.2,0.55,0.28,0.3,0.58,1111.27
0.2,0.2,0.55,0.28,0.3,0.58,1086.89
0.2,0.2,0.55,0.28,0.3,0.58,1101.18
0.2,0.2,0.55,0.28,0.3,0.58,1105.63
0.2,0.2,0.55,0.28,0.3,0.58,1116.2
0.2,0.2,0.55,0.28,0.3,0.58,1131.44
0.2,0.2,0.55,0.28,0.3,0.58,1161
0.2,0.2,0.55,0.28,0.3,0.58,1178.16
0.2,0.2,0.55,0.28,0.3,0.58,1178
0.2,0.2,0.55,0.28,0.3,0.58,1159.76
0.2,0.2,0.55,0.28,0.3,0.58,1162.5
0.2,0.2,0.55,0.28,0.3,0.58,1156.81
0.2,0.2,0.55,0.28,0.3,0.58,1119.37
0.2,0.2,0.55,0.28,0.3,0.58,1105.55
0.2,0.2,0.55,0.28,0.3,0.58,1108.7
0.2,0.2,0.55,0.28,0.3,0.58,1083.92
0.2,0.2,0.55,0.28,0.3,0.58,1066.78
0.2,0.2,0.55,0.28,0.3,0.58,1059.27
0.2,0.2,0.55,0.28,0.3,0.58,1064.54
0.2,0.2,0.55,0.28,0.3,0.58,1024.99
0.2,0.2,0.55,0.28,0.3,0.58,1048.05
0.2,0.2,0.55,0.28,0.3,0.58,1039.53
0.2,0.2,0.55,0.28,0.3,0.58,1025
0.2,0.2,0.55,0.28,0.3,0.58,1032.74
0.2,0.2,0.55,0.28,0.3,0.58,1046.71
0.2,0.2,0.55,0.28,0.3,0.58,1036
0.2,0.2,0.55,0.28,0.3,0.58,1044.59
0.2,0.2,0.55,0.28,0.3,0.58,1041.21
0.2,0.2,0.55,0.28,0.3,0.58,1035.87
0.2,0.2,0.55,0.28,0.3,0.58,1044.65
0.2,0.2,0.55,0.28,0.3,0.58,1052.98
