0.2,0.2,0.55,0.28,0.3,0.58,1067.29
0.2,0.2,0.55,0.28,0.3,0.58,1050.11
0.2,0.2,0.55,0.28,0.3,0.58,1072.27
0.2,0.2,0.55,0.28,0.3,0.58,1094.5
0.2,0.2,0.55,0.28,0.3,0.58,1089.91
0.2,0.2,0.55,0.28,0.3,0.58,1117.2
0.2,0.2,0.55,0.28,0.3,0.58,1134.29
0.2,0.2,0.55,0.28,0.3,0.58,1159.2
0.2,0.2,0.55,0.28,0.3,0.58,1134.57
0.2,0.2,0.55,0.28,0.3,0.58,1142.35
0.2,0.2,0.55,0.28,0.3,0.58,1135.66
0.2,0.2,0.55,0.28,0.3,0.58,1131.36
0.2,0.2,0.55,0.28,0.3,0.58,1088.92
0.2,0.2,0.55,0.28,0.3,0.58,1082.42
0.2,0.2,0.55,0.28,0.3,0.58,1087.21
0.2,0.2,0.55,0.28,0.3,0.58,1049.64
0.2,0.2,0.55,0.28,0.3,0.58,1024.87
0.2,0.2,0.55,0.28,0.3,0.58,1010.58
0.2,0.2,0.55,0.28,0.3,0.58,997.62
0.2,0.2,0.55,0.28,0.3,0.58,984
0.2,0.2,0.55,0.28,0.3,0.58,1004.04
0.2,0.2,0.55,0.28,0.3,0.58,994.25
0.2,0.2,0.55,0.28,0.3,0.58,997.245
0.2,0.2,0.55,0.28,0.3,0.58,996.51
0.2,0.2,0.55,0.28,0.3,0.58,1024
0.2,0.2,0.55,0.28,0.3,0.58,1006.25
0.2,0.2,0.55,0.28,0.3,0.58,1019.2
0.2,0.2,0.55,0.28,0.3,0.58,1015.41
0.2,0.2,0.55,0.28,0.3,0.58,1019.2
0.2,0.2,0.55,0.28,0.3,0.58,1026.05
0.2,0.2,0.55,0.28,0.3,0.58,1030.15
