0.2,0.2,0.55,0.28,0.3,0.58,31.26
0.2,0.2,0.55,0.28,0.3,0.58,31.49
0.2,0.2,0.55,0.28,0.3,0.58,32.58
0.2,0.2,0.55,0.28,0.3,0.58,33.86
0.2,0.2,0.55,0.28,0.3,0.58,33.99
0.2,0.2,0.55,0.28,0.3,0.58,34.68
0.2,0.2,0.55,0.28,0.3,0.58,34.9367
0.2,0.2,0.55,0.28,0.3,0.58,34.83
0.2,0.2,0.55,0.28,0.3,0.58,33.9
0.2,0.2,0.55,0.28,0.3,0.58,34.09
0.2,0.2,0.55,0.28,0.3,0.58,35.4
0.2,0.2,0.55,0.28,0.3,0.58,35.52
0.2,0.2,0.55,0.28,0.3,0.58,34.41
0.2,0.2,0.55,0.28,0.3,0.58,30.61
0.2,0.2,0.55,0.28,0.3,0.58,32.05
0.2,0.2,0.55,0.28,0.3,0.58,31.175
0.2,0.2,0.55,0.28,0.3,0.58,30.7907
0.2,0.2,0.55,0.28,0.3,0.58,30.7
0.2,0.2,0.55,0.28,0.3,0.58,27.88
0.2,0.2,0.55,0.28,0.3,0.58,27.39
0.2,0.2,0.55,0.28,0.3,0.58,27.9
0.2,0.2,0.55,0.28,0.3,0.58,27.75
0.2,0.2,0.55,0.28,0.3,0.58,27.22
0.2,0.2,0.55,0.28,0.3,0.58,26.6
0.2,0.2,0.55,0.28,0.3,0.58,28.1
0.2,0.2,0.55,0.28,0.3,0.58,27.97
0.2,0.2,0.55,0.28,0.3,0.58,28
0.2,0.2,0.55,0.28,0.3,0.58,28.28
0.2,0.2,0.55,0.28,0.3,0.58,28.73
0.2,0.2,0.55,0.28,0.3,0.58,28.78
0.2,0.2,0.55,0.28,0.3,0.58,28.43
