0.2,0.2,0.55,0.28,0.3,0.58,32.56
0.2,0.2,0.55,0.28,0.3,0.58,33.03
0.2,0.2,0.55,0.28,0.3,0.58,34.95
0.2,0.2,0.55,0.28,0.3,0.58,34.95
0.2,0.2,0.55,0.28,0.3,0.58,35.82
0.2,0.2,0.55,0.28,0.3,0.58,35.84
0.2,0.2,0.55,0.28,0.3,0.58,35.5
0.2,0.2,0.55,0.28,0.3,0.58,35.73
0.2,0.2,0.55,0.28,0.3,0.58,35.53
0.2,0.2,0.55,0.28,0.3,0.58,36.8
0.2,0.2,0.55,0.28,0.3,0.58,36.48
0.2,0.2,0.55,0.28,0.3,0.58,36.2
0.2,0.2,0.55,0.28,0.3,0.58,35.74
0.2,0.2,0.55,0.28,0.3,0.58,34.95
0.2,0.2,0.55,0.28,0.3,0.58,33.15
0.2,0.2,0.55,0.28,0.3,0.58,32.13
0.2,0.2,0.55,0.28,0.3,0.58,32
0.2,0.2,0.55,0.28,0.3,0.58,32.47
0.2,0.2,0.55,0.28,0.3,0.58,31.9
0.2,0.2,0.55,0.28,0.3,0.58,29.11
0.2,0.2,0.55,0.28,0.3,0.58,29.33
0.2,0.2,0.55,0.28,0.3,0.58,28.77
0.2,0.2,0.55,0.28,0.3,0.58,28.87
0.2,0.2,0.55,0.28,0.3,0.58,28.34
0.2,0.2,0.55,0.28,0.3,0.58,29.33
0.2,0.2,0.55,0.28,0.3,0.58,29.0595
0.2,0.2,0.55,0.28,0.3,0.58,28.79
0.2,0.2,0.55,0.28,0.3,0.58,30.3
0.2,0.2,0.55,0.28,0.3,0.58,29.83
0.2,0.2,0.55,0.28,0.3,0.58,29.9
0.2,0.2,0.55,0.28,0.3,0.58,29.46
